"TF" "sgSpz" "bbSpz" "EEF" "schizont" "Merozoite" "Ring" "trophozoite" "female" "male" "ookoo" "ook" "oocyst" "ooSpz"
"1" "PBANKA_0102900" NA 17 914 86 30 611 29 11 4 181 588 174 1332
"2" "PBANKA_0109500" 99 117 16 NA 127 22 15 4 4 94 525 308 2478
"3" "PBANKA_0112100" 49 169 169 212 29 620 58 21 7 1177 781 2343 3974
"4" "PBANKA_0214400" 65 4 1 210 20 257 42 11 NA 563 616 67 1822
"5" "PBANKA_0520500" 98 118 66 NA 93 92 4 4 NA 539 2296 291 3054
"6" "PBANKA_0521700" 99 NA 8 57 95 135 26 7 9 249 2586 7 209
"7" "PBANKA_0608900" 86 67 3 134 NA 261 53 10 6 671 1858 196 2208
"8" "PBANKA_0834900" 63 115 3 128 56 205 NA 8 9 111 3078 70 988
"9" "PBANKA_0835200" 96 NA 6 NA 2 270 3 11 NA 678 1339 57 2016
"10" "PBANKA_0905900" 48 148 NA 44 35 558 23 21 6 678 989 561 181
"11" "PBANKA_0909600" 55 139 7 30 43 137 17 17 2 139 2279 NA 1909
"12" "PBANKA_0932300" 88 98 5 NA 190 324 5 10 5 541 507 548 1689
"13" "PBANKA_0939100" 101 35 454 250 13 143 20 7 6 597 3208 3 546
"14" "PBANKA_1001800" 54 60 6 131 62 268 17 5 NA 509 790 24 476
"15" "PBANKA_1004900" 81 101 17 NA 14 148 5 6 5 459 1333 8 1953
"16" "PBANKA_1015500" 121 93 209 341 NA 339 4 9 8 703 1353 NA 630
"17" "PBANKA_1018500" 80 11 29 137 89 52 15 4 1 64 258 37 2581
"18" "PBANKA_1034300" 30 47 25 34 19 203 2 8 1 156 1822 132 3948
"19" "PBANKA_1106400" 38 52 2 54 32 106 11 6 NA 512 965 83 2705
"20" "PBANKA_1121800" 43 80 14 23 42 190 2 NA NA 821 330 59 1516
"21" "PBANKA_1205900" 23 28 111 446 69 184 6 15 7 496 1127 8 1134
"22" "PBANKA_1228100" 47 88 6 119 101 239 8 13 2 238 767 NA 83
"23" "PBANKA_1231600" 28 18 57 37 28 67 9 13 4 288 1169 88 799
"24" "PBANKA_1313000" 49 190 470 6 61 12 2 1 4 674 1951 63 1722
"25" "PBANKA_1313200" 59 59 62 119 25 280 26 15 1 217 820 1052 2561
"26" "PBANKA_1319700" 42 37 1247 NA 138 610 5 6 1 306 778 2652 3497
"27" "PBANKA_1329800" 69 7 67 38 25 353 3 9 4 144 1170 32 420
"28" "PBANKA_1356000" 104 11 5 14 20 78 10 5 2 32 2764 438 719
"29" "PBANKA_1363700" 43 127 172 6 9 335 1 6 NA 103 1525 384 1013
"30" "PBANKA_1403700" NA NA 9 NA 208 151 31 9 NA 299 1893 5 3068
"31" "PBANKA_1406600" NA NA 134 NA NA 203 4 NA 1 1085 738 2783 6150
"32" "PBANKA_1413400" 73 23 252 92 NA 141 29 5 2 102 1227 1 617
"33" "PBANKA_1414300" NA 35 1030 48 37 263 2 12 4 930 1229 NA 3410
"34" "PBANKA_1415700" 57 86 155 14 190 239 3 6 2 1182 662 2915 5074
"35" "PBANKA_1437500" NA NA 1951 44 35 294 NA 10 NA 61 1859 312 2541
"36" "PBANKA_1453700" 68 38 13 131 9 382 NA 7 2 532 1198 179 5222
